<?xml version="1.0" standalone="no"?>
<!DOCTYPE svg PUBLIC "-//W3C//DTD SVG 20010904//EN"
 "http://www.w3.org/TR/2001/REC-SVG-20010904/DTD/svg10.dtd">
<svg version="1.0" xmlns="http://www.w3.org/2000/svg"
 width="1024.000000pt" height="1024.000000pt" viewBox="0 0 1024.000000 1024.000000"
 preserveAspectRatio="xMidYMid meet">

<g transform="translate(0.000000,1024.000000) scale(0.100000,-0.100000)"
fill="#000000" stroke="none">
<path d="M2756 10194 c11 -66 6 -3191 -7 -3784 -11 -471 -5 -4828 7 -5520 6
-366 6 -365 85 -516 29 -55 50 -110 53 -140 12 -94 37 -157 77 -197 l38 -39
163 4 c137 3 169 7 203 24 135 66 172 104 223 227 60 143 75 304 36 377 -46
88 -154 146 -255 137 -77 -7 -131 -34 -171 -86 -50 -66 -53 -67 -148 -37 -46
14 -105 26 -132 26 -42 0 -54 -5 -80 -30 -16 -17 -32 -30 -35 -30 -3 0 -3 44
1 98 11 163 8 3565 -3 3972 -6 206 -10 789 -9 1295 2 851 5 1288 26 3408 l7
769 408 -2 c225 0 422 -4 439 -7 17 -3 33 -14 38 -27 4 -12 8 -2142 8 -4734
-1 -4892 0 -4751 -38 -4727 -5 3 -10 0 -10 -8 0 -17 88 -82 98 -72 4 4 9 140
12 303 4 214 8 296 16 295 7 -1 916 -5 2020 -8 1105 -4 2015 -8 2022 -10 9 -4
12 -117 12 -522 0 -285 -4 -523 -8 -530 -5 -8 -381 -12 -1477 -15 -908 -3
-1479 -8 -1493 -14 -19 -8 -20 -12 -10 -26 13 -16 16 -17 388 -34 41 -2 255 1
475 6 220 5 794 11 1274 14 825 4 876 5 888 22 10 14 13 136 13 591 l0 573
-2057 2 -2058 3 -3 1570 c-6 3004 -5 7290 3 7364 7 70 6 73 -11 66 -11 -4 -71
-10 -134 -12 -138 -5 -809 13 -864 23 l-39 7 9 -49z m21 -5931 c-1 -54 -3 -10
-3 97 0 107 2 151 3 98 2 -54 2 -142 0 -195z m0 -140 c-3 -10 -5 -4 -5 12 0
17 2 24 5 18 2 -7 2 -21 0 -30z m727 -3443 c76 -36 88 -64 83 -190 -10 -224
-104 -379 -269 -442 -34 -13 -75 -18 -141 -18 -82 0 -96 3 -129 25 -48 33 -56
49 -73 146 -8 44 -20 93 -28 107 -7 15 -32 63 -55 107 -59 115 -61 128 -22
166 29 29 35 31 79 26 26 -3 74 -14 107 -25 110 -36 108 -36 138 9 75 113 192
147 310 89z"/>
</g>
</svg>
